47
65
53
42
39
56
43
39
53
35
38
42
48
39
57
39
52
49
39
54
57
63
44
36
47
42
31
43
48
55
63
25
39
52
31
56
41
49
56
44
52
47
58
51
61
51
50
56
40
43
46
46
62
49
50
54
48
52
51
45
47
37
61
51
55
36
50
46
42
36
62
49
57
33
38
44
38
52
52
46
59
54
66
37
57
46
36
63
41
50
54
47
43
55
36
34
52
51
63
51
52
38
43
56
44
48
57
40
57
59
34
51
52
34
45
56
39
60
59
57
43
58
34
49
61
47
54
53
46
49
38
36
42
56
46
43
57
51
62
54
31
61
35
51
44
37
51
53
35
61
30
58
60
50
50
51
42
53
39
28
45
53
48
34
40
57
33
61
30
38
33
37
33
64
41
61
59
54
47
49
52
33
42
40
56
43
53
47
48
52
41
45
50
47
29
45
38
47
61
42
